10 14
20 29
30 44
40 59
50 74
60 89
70 107
80 120
90 132
100 149
110 162
120 178
130 194
140 210
150 223
160 238
170 250
180 268
190 281
200 293
210 313
220 324
230 342
240 362
250 372
260 391
270 399
280 418
290 434
300 452
310 462
320 479
330 491
340 502
350 524
360 539
370 547
380 566
390 583
400 601
410 614
420 624
430 644
440 656
450 677
460 682
470 706
480 717
490 731
500 746
510 761
520 772
530 796
540 806
550 828
560 835
570 848
580 865
590 879
600 894
610 908
620 923
630 941
640 955
650 974
660 980
670 998
680 1013
690 1033
700 1047
710 1063
720 1079
730 1081
740 1103
750 1117
760 1128
770 1146
780 1170
790 1176
800 1188
810 1207
820 1220
830 1236
840 1248
850 1258
860 1282
870 1294
880 1301
890 1326
900 1339
910 1369
920 1370
930 1382
940 1400
950 1414
960 1432
970 1452
980 1459
990 1468
1000 1483
