10 21
20 44
30 67
40 89
50 111
60 134
70 161
80 181
90 199
100 224
110 243
120 268
130 291
140 315
150 335
160 357
170 375
180 402
190 422
200 440
210 470
220 486
230 513
240 543
250 558
260 586
270 599
280 627
290 652
300 678
310 694
320 718
330 737
340 753
350 786
360 808
370 821
380 849
390 875
400 901
410 921
420 936
430 966
440 985
450 1016
460 1023
470 1059
480 1076
490 1097
500 1120
510 1141
520 1159
530 1195
540 1209
550 1242
560 1253
570 1273
580 1298
590 1319
600 1341
610 1363
620 1385
630 1412
640 1433
650 1462
660 1470
670 1497
680 1519
690 1550
700 1571
710 1595
720 1619
730 1622
740 1655
750 1675
760 1693
770 1719
780 1756
790 1764
800 1782
810 1811
820 1831
830 1854
840 1872
850 1888
860 1923
870 1941
880 1951
890 1989
900 2008
910 2053
920 2055
930 2073
940 2101
950 2122
960 2148
970 2178
980 2189
990 2202
1000 2225
