10 15
20 19
30 20
40 23
50 24
60 25
70 28
80 28
90 29
100 29
110 29
120 29
130 32
140 33
150 33
160 33
170 33
180 34
190 34
200 34
210 34
220 34
230 34
240 34
250 34
260 37
270 37
280 38
290 38
300 38
310 38
320 38
330 38
340 38
350 38
360 38
370 38
380 39
390 39
400 39
410 39
420 39
430 39
440 39
450 39
460 39
470 39
480 39
490 39
500 39
510 40
520 42
530 42
540 42
550 42
560 43
570 42
580 43
590 43
600 43
610 43
620 43
630 43
640 43
650 43
660 43
670 43
680 43
690 43
700 43
710 43
720 43
730 43
740 44
750 43
760 44
770 44
780 44
790 44
800 44
810 44
820 44
830 44
840 44
850 44
860 44
870 44
880 44
890 44
900 44
910 44
920 44
930 44
940 44
950 44
960 44
970 44
980 44
990 44
1000 44
